КЛИЕНТЫ
1|Иванов И.И.|21.02.1992|+79955015372|4321 643745
2|Горобцов Н.К.|05.11.1994|+79324616382|4632 649213
3|Зайцев Н.О.|09.06.1987|+79326437129|0321 743125
КВАРТИРЫ
1|Пархоменко 4/1|3|30|2000000|23000|available|0
2|Ленина 23|2|28|2300000|19000|booked|1
3|Западная 9|2|32|3100000|21000|available|0
4|Озерная 32|3|48|3600000|28000|sold|3
5|Красильникова 232|2|27|2000000|18000|rented|2
6|Угольная 43|3|45|3200000|26000|booked|2
7|Горная 32|1|20|1900000|17000|available|0
8|Школьная 43|1|22|1900000|20000|sold|1
